47.48861638963102 -122.13595772903578 
47.48861638963102 -122.13595772903578 
47.488613662347326 -122.13596487266915 
47.488613662347326 -122.13596487266915 
47.488613662347326 -122.13596487266915 
47.488613662347326 -122.13596487266915 
47.488613662347326 -122.13596487266915 
47.488613662347326 -122.13596487266915 
47.488613662347326 -122.13596487266915 
47.488613662347326 -122.13596487266915 
47.488613662347326 -122.13596487266915 
47.488613662347326 -122.13596487266915 
47.488613662347326 -122.13596487266915 
47.488613662347326 -122.13596487266915 
47.488613662347326 -122.13596487266915 
47.488613662347326 -122.13596487266915 
47.488613662347326 -122.13596487266915 
47.488613662347326 -122.13596487266915 
47.488613662347326 -122.13596487266915 
47.488613662347326 -122.13596487266915 
47.488613662347326 -122.13596487266915 
47.48868675107738 -122.13590131451237 
47.48868675107738 -122.13590131451237 
47.48868675107738 -122.13590131451237 
47.48868675107738 -122.13590131451237 
47.48868675107738 -122.13590131451237 
47.48861749620701 -122.13596153873962 
47.48861749620701 -122.13596153873962 
47.48861749620701 -122.13596153873962 
47.48861749620701 -122.13596153873962 
47.48861749620701 -122.13596153873962 
47.48861569728824 -122.1359645494494 
47.48861569728824 -122.1359645494494 
47.48861569728824 -122.1359645494494 
47.48861569728824 -122.1359645494494 
47.48861569728824 -122.1359645494494 
47.48861569728824 -122.1359645494494 
47.48861569728824 -122.1359645494494 
47.48861569728824 -122.1359645494494 
47.48861569728824 -122.1359645494494 
47.48861569728824 -122.1359645494494 
47.48861569728824 -122.1359645494494 
47.48861569728824 -122.1359645494494 
47.48861569728824 -122.1359645494494 
47.48861569728824 -122.1359645494494 
47.48861569728824 -122.1359645494494 
47.48861569728824 -122.1359645494494 
47.48861569728824 -122.1359645494494 
47.48861569728824 -122.1359645494494 
47.48861569728824 -122.1359645494494 
47.48861569728824 -122.1359645494494 
47.48861569728824 -122.1359645494494 
47.48861569728824 -122.1359645494494 
47.48861569728824 -122.1359645494494 
47.48861569728824 -122.1359645494494 
47.48861569728824 -122.1359645494494 
47.48861569728824 -122.1359645494494 
47.48861569728824 -122.1359645494494 
47.48861569728824 -122.1359645494494 
47.48861569728824 -122.1359645494494 
47.48861569728824 -122.1359645494494 
47.48861569728824 -122.1359645494494 
47.48861569728824 -122.1359645494494 
47.48861569728824 -122.1359645494494 
47.48861569728824 -122.1359645494494 
